818 55
818 819
818 820
818 817
692 1152
692 47
692 695
692 693
692 155
692 694
692 1153
692 691
692 114
1081 120
1081 1080
1081 1082
166 167
166 165
226 574
226 402
904 491
904 493
814 217
814 54
814 53
177 79
239 486
239 466
239 467
239 99
239 238
239 446
239 447
127 126
127 125
799 483
969 81
453 454
453 287
453 457
453 455
453 456
795 47
795 790
795 794
795 155
795 835
795 197
795 836
795 833
795 834
795 785
795 114
795 784
795 384
858 1285
858 340
119 117
119 225
119 132
119 224
607 282
607 448
607 42
607 45
607 165
607 606
607 608
426 54
426 736
134 48
220 527
220 219
220 689
220 270
220 384
454 456
454 325
454 341
454 287
454 457
454 874
454 876
454 878
454 877
454 872
454 455
454 875
454 873
1020 429
1020 109
370 369
555 557
555 558
555 556
555 559
555 55
74 290
74 306
74 1148
1136 414
245 751
245 1061
245 158
245 68
245 48
245 235
771 742
771 773
771 227
771 769
771 772
771 774
771 770
312 292
312 55
312 311
1304 527
1304 81
1304 1303
1304 369
1304 1305
36 38
36 39
36 37
165 424
165 167
165 425
985 775
985 987
985 986
985 681
985 181
985 1089
985 984
1303 527
1303 81
1303 369
1303 1305
232 231
232 54
232 53
232 223
185 184
185 880
185 186
185 54
185 545
185 180
342 270
121 125
121 123
121 120
121 122
121 124
314 47
314 474
314 59
314 137
314 701
314 497
77 78
77 55
332 1048
332 634
332 1078
332 1047
332 331
223 53
223 231
223 1174
223 54
223 302
223 1130
223 464
406 405
406 55
643 645
643 644
643 189
643 130
769 742
769 773
769 227
769 772
769 774
769 770
736 1221
736 140
736 919
736 54
736 87
736 70
736 384
80 960
80 30
80 99
80 65
80 79
80 87
80 365
80 366
55 292
55 819
55 557
55 820
55 374
55 78
55 376
55 556
55 54
55 888
55 822
55 889
55 405
55 311
55 817
55 414
55 560
55 558
55 559
55 375
1132 114
606 608
606 448
745 743
745 746
745 222
745 744
745 277
745 747
770 742
770 773
770 227
770 772
770 774
1245 81
1245 570
402 404
402 403
402 401
402 302
417 1016
417 416
417 1015
417 411
478 473
478 479
478 477
478 474
478 475
478 476
478 114
1065 1066
1065 634
1065 1069
1065 224
1065 1068
1065 1067
1065 1070
1065 59
1065 137
1065 114
887 70
887 87
1238 68
552 554
552 328
552 553
212 211
212 213
212 210
302 301
302 303
302 404
302 403
302 401
302 716
302 304
235 47
235 236
235 661
235 68
982 786
634 633
634 248
634 1066
634 1069
634 790
634 224
634 191
634 943
634 474
634 941
634 944
634 139
634 137
634 114
634 923
634 924
634 1068
634 925
634 815
634 1078
634 942
634 1070
634 59
634 1067
38 158
38 37
38 434
38 39
283 222
283 286
283 285
283 284
815 923
815 924
815 925
815 816
1227 122
1227 1228
833 834
833 47
833 835
744 829
744 743
744 746
744 222
744 277
744 747
744 828
422 423
703 146
703 709
703 401
703 704
703 702
605 140
1066 1069
1066 224
1066 1068
1066 1067
1066 1070
1066 59
1066 137
1066 114
457 287
457 455
457 456
748 59
748 192
78 328
78 327
1130 53
1208 45
1208 324
873 325
873 341
873 991
873 874
873 876
873 878
873 877
873 872
873 940
873 875
747 743
747 746
747 222
747 277
784 794
784 155
784 197
784 118
784 785
784 114
784 384
63 779
63 209
63 62
63 953
110 685
110 686
110 979
110 977
110 327
110 980
110 978
1061 751
1061 158
1061 68
963 48
570 767
570 765
570 81
570 766
782 856
782 781
782 497
782 871
1029 778
585 86
100 99
236 779
236 280
236 47
236 778
236 663
236 87
236 133
486 467
363 364
139 248
139 790
139 155
139 191
139 943
139 941
139 944
139 203
139 137
139 117
139 138
139 942
139 1070
139 136
139 59
139 1067
139 810
139 202
139 140
836 790
492 491
492 493
492 490
492 441
467 120
467 466
216 976
216 217
216 266
216 974
216 272
216 218
216 975
493 441
493 490
493 491
1091 1092
1091 44
301 303
301 304
184 186
217 218
130 644
130 30
130 645
130 120
130 189
130 930
124 120
124 122
124 123
751 753
751 752
751 935
751 754
751 30
751 158
751 364
751 68
663 280
231 54
231 53
118 113
118 116
118 115
118 785
118 117
118 112
118 114
118 912
481 472
481 483
481 476
481 482
481 470
481 484
481 117
481 480
411 415
411 853
411 838
411 65
411 772
411 187
411 416
411 961
1016 1015
868 199
868 364
1242 54
1073 1048
1073 1072
1073 1053
902 446
1289 822
288 292
288 293
288 291
288 290
288 289
578 576
578 575
578 574
578 579
578 577
503 408
503 502
962 41
1198 661
248 790
248 941
248 191
248 943
248 944
248 197
248 942
248 249
248 485
248 137
248 117
248 114
1152 155
1152 114
1152 1153
146 147
146 709
146 401
146 704
146 1051
146 101
146 702
252 59
252 200
252 253
1153 155
1153 114
872 325
872 341
872 874
872 876
872 878
872 877
872 875
794 114
794 155
794 197
794 785
794 384
86 164
86 897
86 429
86 524
86 109
86 523
86 48
874 325
874 341
874 876
874 878
874 877
874 875
466 120
266 976
266 974
266 272
266 975
798 796
798 797
947 47
947 948
1121 742
1121 1120
472 483
472 476
472 482
472 470
472 484
472 117
472 480
472 471
991 940
455 287
455 456
1100 1099
1100 1102
1100 1101
1100 203
786 65
401 404
401 403
401 704
401 702
249 117
249 137
249 197
112 113
112 116
112 115
112 117
112 114
154 155
154 156
154 137
822 45
959 44
959 958
959 45
942 790
942 941
942 191
942 943
942 944
968 114
968 1050
136 138
136 137
136 140
912 114
1082 120
1082 1080
773 742
773 227
773 772
773 774
158 157
158 68
158 434
285 909
285 287
285 286
285 294
285 222
285 284
65 842
65 841
65 30
65 87
65 79
65 637
852 853
133 87
774 742
774 227
774 772
425 424
447 423
447 1094
447 446
365 30
365 99
365 87
365 366
743 746
743 222
743 277
842 841
842 30
98 68
1067 1069
1067 224
1067 1068
1067 1070
1067 59
1067 137
1067 114
69 68
69 70
187 188
187 415
187 853
187 838
187 772
187 189
187 961
39 37
943 790
943 941
943 191
943 944
198 137
198 197
879 797
1050 114
463 423
938 1145
938 955
938 954
938 940
938 939
888 889
853 772
853 961
765 767
765 81
765 766
685 327
483 476
483 482
483 470
483 484
483 117
483 480
560 559
680 681
680 682
974 976
974 272
974 975
882 883
882 790
911 640
46 42
46 45
46 43
46 44
81 527
81 767
81 1012
81 369
81 468
81 766
81 1305
81 1003
956 474
137 47
137 1069
137 224
137 155
137 474
137 197
137 203
137 701
137 117
137 114
137 138
137 1068
137 1070
137 59
137 202
137 200
137 156
137 497
137 140
1047 1048
701 47
701 474
701 59
138 140
627 390
1102 1099
1102 1101
1102 203
287 286
287 222
287 456
671 201
671 117
671 670
671 237
480 476
480 482
480 470
480 484
480 117
884 691
116 113
116 115
116 117
116 114
109 164
109 429
109 41
109 48
928 602
928 526
928 616
928 929
556 557
556 558
556 559
645 644
645 189
644 189
380 47
87 541
87 224
87 996
87 669
87 30
87 919
87 99
87 366
87 384
87 1040
87 668
87 687
87 1232
87 540
87 667
87 1027
87 70
202 59
202 203
941 790
941 191
941 944
694 695
694 47
694 693
694 691
385 386
385 54
385 53
670 201
670 117
670 237
948 47
1101 1099
1101 203
1068 1069
1068 224
1068 1070
1068 59
1068 114
414 949
414 796
213 210
213 602
213 211
213 364
470 476
470 482
470 484
470 117
470 471
70 919
70 76
70 68
70 384
43 966
43 42
43 45
43 44
43 965
47 826
47 535
47 474
47 181
47 114
47 695
47 550
47 742
47 693
47 835
47 59
47 834
47 691
47 536
473 479
473 477
473 474
473 475
473 476
473 114
976 272
976 975
958 44
958 45
554 328
554 553
334 114
334 197
334 224
222 286
222 746
222 277
222 284
222 131
117 199
117 113
117 197
117 225
117 476
117 114
117 384
117 115
117 482
117 201
117 237
117 484
48 542
48 164
48 429
939 940
753 754
753 752
668 667
404 403
328 553
328 327
482 476
482 484
986 987
986 984
364 199
364 602
691 695
691 693
1048 1072
1048 1053
790 191
790 944
790 883
303 304
368 367
877 325
877 341
877 876
877 878
877 875
704 702
640 367
640 1270
527 369
527 1305
558 557
558 559
559 557
772 742
772 227
772 961
540 541
602 929
602 616
602 526
126 125
474 633
474 477
474 114
474 479
474 59
474 475
474 476
253 59
253 200
1025 59
1025 200
695 693
576 575
576 574
576 579
576 577
792 30
200 199
200 59
200 201
200 114
980 978
980 979
980 977
1099 203
42 44
42 45
42 324
313 306
754 752
327 54
616 526
616 929
828 829
742 227
742 1120
923 925
923 924
1306 1307
1306 114
1306 775
367 140
367 1270
681 775
681 181
681 1089
681 682
523 524
476 477
476 114
476 479
476 475
476 484
229 227
229 228
1072 1053
224 541
224 1069
224 197
224 114
224 775
224 1070
224 59
669 541
120 123
120 1080
120 30
120 122
608 448
420 390
420 793
420 419
563 203
1092 44
987 984
211 210
323 114
189 188
189 1002
819 820
819 817
820 817
113 115
113 114
661 68
181 775
181 1089
181 114
54 53
54 1033
54 386
54 1034
277 746
307 306
123 45
123 122
369 1305
1089 775
68 664
497 871
316 317
316 210
292 293
292 291
292 311
292 310
292 290
292 289
199 197
199 201
199 114
199 384
44 45
203 59
317 210
1040 541
291 293
291 290
291 289
835 834
115 114
1070 1069
1070 59
1070 114
215 45
785 155
785 197
785 114
785 384
289 293
289 290
306 409
306 408
306 290
306 407
1221 140
579 575
579 574
579 577
929 526
366 30
366 99
384 114
384 155
384 919
384 197
924 925
128 99
128 129
128 30
955 954
340 341
442 441
156 155
156 114
477 479
477 475
477 114
53 325
53 322
191 944
191 192
155 197
155 114
545 186
479 475
479 114
325 341
325 441
325 876
325 878
325 875
164 429
797 796
775 1307
775 114
101 1051
129 99
129 30
419 390
419 793
965 966
965 45
448 99
408 409
408 502
408 407
375 374
536 535
293 290
876 341
876 878
876 875
208 209
1094 423
407 409
45 966
45 1181
45 851
45 324
59 1069
59 114
59 192
140 390
197 485
197 114
575 574
575 577
485 114
766 767
1034 1033
490 491
490 441
574 577
475 114
341 878
341 875
228 227
541 665
793 390
878 875
284 286
778 779
237 201
935 30
979 978
979 977
977 978
122 305
122 1228
1307 114
114 1069
114 201
41 429
272 975
949 796
841 30
30 99
441 491
