818 55 1
818 819 1
818 820 1
818 817 1
692 1152 1
692 47 1
692 695 1
692 693 1
692 155 1
692 694 1
692 1153 1
692 691 1
692 114 1
1081 120 1
1081 1080 1
1081 1082 1
166 167 1
166 165 1
226 574 1
226 402 1
904 491 1
904 493 1
814 217 1
814 54 1
814 53 1
177 79 1
239 486 1
239 466 1
239 467 2
239 99 1
239 238 1
239 446 1
239 447 1
127 126 1
127 125 1
799 483 1
969 81 1
453 454 1
453 287 1
453 457 1
453 455 1
453 456 1
795 47 1
795 790 1
795 794 1
795 155 1
795 835 1
795 197 1
795 836 1
795 833 1
795 834 1
795 785 1
795 114 1
795 784 1
795 384 1
858 1285 1
858 340 1
119 117 1
119 225 1
119 132 1
119 224 1
607 282 1
607 448 1
607 42 1
607 45 1
607 165 1
607 606 1
607 608 1
426 54 1
426 736 1
134 48 1
220 527 1
220 219 1
220 689 1
220 270 1
220 384 1
454 456 1
454 325 1
454 341 1
454 287 1
454 457 1
454 874 1
454 876 1
454 878 1
454 877 1
454 872 1
454 455 1
454 875 1
454 873 1
1020 429 1
1020 109 1
370 369 2
555 557 1
555 558 1
555 556 1
555 559 1
555 55 1
74 290 1
74 306 1
74 1148 1
1136 414 1
245 751 1
245 1061 1
245 158 1
245 68 1
245 48 1
245 235 1
771 742 1
771 773 1
771 227 1
771 769 1
771 772 1
771 774 1
771 770 1
312 292 1
312 55 1
312 311 1
1304 527 1
1304 81 1
1304 1303 1
1304 369 1
1304 1305 1
36 38 1
36 39 1
36 37 1
165 424 1
165 167 1
165 425 1
985 775 1
985 987 1
985 986 1
985 681 1
985 181 1
985 1089 1
985 984 2
1303 527 1
1303 81 1
1303 369 1
1303 1305 1
232 231 1
232 54 1
232 53 1
232 223 1
185 184 1
185 880 1
185 186 4
185 54 1
185 545 1
185 180 1
342 270 1
121 125 1
121 123 1
121 120 1
121 122 1
121 124 1
314 47 1
314 474 1
314 59 1
314 137 2
314 701 1
314 497 1
77 78 1
77 55 1
332 1048 1
332 634 1
332 1078 1
332 1047 1
332 331 1
223 53 2
223 231 1
223 1174 1
223 54 4
223 302 1
223 1130 1
223 464 2
406 405 1
406 55 1
643 645 1
643 644 1
643 189 1
643 130 1
769 742 1
769 773 1
769 227 1
769 772 1
769 774 1
769 770 1
736 1221 1
736 140 1
736 919 1
736 54 1
736 87 1
736 70 1
736 384 1
80 960 1
80 30 1
80 99 1
80 65 2
80 79 1
80 87 1
80 365 1
80 366 1
55 292 1
55 819 1
55 557 1
55 820 1
55 374 1
55 78 1
55 376 1
55 556 1
55 54 1
55 888 1
55 822 4
55 889 1
55 405 1
55 311 1
55 817 1
55 414 1
55 560 1
55 558 1
55 559 1
55 375 1
1132 114 1
606 608 1
606 448 1
745 743 1
745 746 1
745 222 1
745 744 1
745 277 1
745 747 1
770 742 1
770 773 1
770 227 1
770 772 1
770 774 1
1245 81 1
1245 570 2
402 404 1
402 403 1
402 401 1
402 302 1
417 1016 1
417 416 1
417 1015 1
417 411 1
478 473 1
478 479 1
478 477 1
478 474 1
478 475 1
478 476 1
478 114 1
1065 1066 1
1065 634 1
1065 1069 1
1065 224 1
1065 1068 1
1065 1067 1
1065 1070 1
1065 59 1
1065 137 1
1065 114 1
887 70 1
887 87 1
1238 68 1
552 554 1
552 328 1
552 553 1
212 211 1
212 213 1
212 210 1
302 301 1
302 303 1
302 404 1
302 403 1
302 401 1
302 716 1
302 304 1
235 47 1
235 236 1
235 661 1
235 68 1
982 786 2
634 633 1
634 248 1
634 1066 1
634 1069 1
634 790 1
634 224 1
634 191 1
634 943 1
634 474 1
634 941 1
634 944 1
634 139 1
634 137 1
634 114 1
634 923 1
634 924 1
634 1068 1
634 925 1
634 815 1
634 1078 1
634 942 1
634 1070 1
634 59 1
634 1067 1
38 158 1
38 37 1
38 434 1
38 39 1
283 222 1
283 286 1
283 285 1
283 284 1
815 923 1
815 924 1
815 925 1
815 816 1
1227 122 1
1227 1228 1
833 834 1
833 47 1
833 835 1
744 829 1
744 743 1
744 746 1
744 222 1
744 277 1
744 747 1
744 828 1
422 423 1
703 146 2
703 709 1
703 401 1
703 704 1
703 702 1
605 140 1
1066 1069 1
1066 224 1
1066 1068 1
1066 1067 1
1066 1070 1
1066 59 1
1066 137 1
1066 114 1
457 287 1
457 455 1
457 456 1
748 59 1
748 192 1
78 328 1
78 327 1
1130 53 1
1208 45 1
1208 324 1
873 325 1
873 341 1
873 991 1
873 874 1
873 876 1
873 878 1
873 877 1
873 872 1
873 940 1
873 875 1
747 743 1
747 746 1
747 222 1
747 277 1
784 794 1
784 155 1
784 197 1
784 118 1
784 785 2
784 114 2
784 384 1
63 779 1
63 209 1
63 62 1
63 953 3
110 685 2
110 686 1
110 979 1
110 977 1
110 327 2
110 980 1
110 978 1
1061 751 1
1061 158 1
1061 68 1
963 48 1
570 767 1
570 765 1
570 81 2
570 766 1
782 856 1
782 781 1
782 497 1
782 871 1
1029 778 1
585 86 1
100 99 1
236 779 1
236 280 1
236 47 1
236 778 1
236 663 1
236 87 1
236 133 1
486 467 1
363 364 1
139 248 1
139 790 1
139 155 1
139 191 1
139 943 1
139 941 1
139 944 1
139 203 1
139 137 3
139 117 1
139 138 1
139 942 1
139 1070 1
139 136 1
139 59 1
139 1067 1
139 810 1
139 202 1
139 140 1
836 790 1
492 491 1
492 493 1
492 490 1
492 441 1
467 120 1
467 466 2
216 976 1
216 217 1
216 266 1
216 974 1
216 272 1
216 218 1
216 975 1
493 441 1
493 490 1
493 491 2
1091 1092 1
1091 44 1
301 303 1
301 304 1
184 186 1
217 218 1
130 644 1
130 30 1
130 645 1
130 120 1
130 189 1
130 930 1
124 120 1
124 122 1
124 123 1
751 753 1
751 752 1
751 935 1
751 754 1
751 30 1
751 158 1
751 364 1
751 68 1
663 280 1
231 54 1
231 53 1
118 113 1
118 116 1
118 115 1
118 785 1
118 117 1
118 112 1
118 114 3
118 912 1
481 472 1
481 483 1
481 476 1
481 482 1
481 470 1
481 484 1
481 117 1
481 480 1
411 415 1
411 853 1
411 838 1
411 65 1
411 772 1
411 187 4
411 416 1
411 961 1
1016 1015 1
868 199 1
868 364 1
1242 54 1
1073 1048 1
1073 1072 1
1073 1053 1
902 446 1
1289 822 1
288 292 1
288 293 1
288 291 1
288 290 1
288 289 1
578 576 1
578 575 1
578 574 1
578 579 1
578 577 1
503 408 1
503 502 1
962 41 1
1198 661 1
248 790 1
248 941 1
248 191 1
248 943 1
248 944 1
248 197 2
248 942 1
248 249 1
248 485 1
248 137 1
248 117 1
248 114 1
1152 155 1
1152 114 1
1152 1153 1
146 147 1
146 709 1
146 401 1
146 704 1
146 1051 1
146 101 1
146 702 1
252 59 1
252 200 1
252 253 1
1153 155 1
1153 114 1
872 325 1
872 341 1
872 874 1
872 876 1
872 878 1
872 877 1
872 875 1
794 114 1
794 155 1
794 197 1
794 785 1
794 384 1
86 164 1
86 897 1
86 429 1
86 524 1
86 109 1
86 523 1
86 48 1
874 325 1
874 341 1
874 876 1
874 878 1
874 877 1
874 875 1
466 120 1
266 976 1
266 974 1
266 272 1
266 975 1
798 796 1
798 797 1
947 47 1
947 948 1
1121 742 1
1121 1120 1
472 483 1
472 476 1
472 482 1
472 470 2
472 484 1
472 117 1
472 480 1
472 471 1
991 940 1
455 287 1
455 456 1
1100 1099 1
1100 1102 1
1100 1101 1
1100 203 1
786 65 1
401 404 1
401 403 1
401 704 1
401 702 1
249 117 1
249 137 1
249 197 1
112 113 1
112 116 1
112 115 1
112 117 1
112 114 1
154 155 1
154 156 1
154 137 1
822 45 1
959 44 1
959 958 1
959 45 1
942 790 1
942 941 1
942 191 1
942 943 1
942 944 1
968 114 1
968 1050 1
136 138 1
136 137 1
136 140 1
912 114 1
1082 120 1
1082 1080 1
773 742 1
773 227 2
773 772 1
773 774 1
158 157 1
158 68 1
158 434 1
285 909 1
285 287 1
285 286 2
285 294 1
285 222 2
285 284 1
65 842 1
65 841 1
65 30 1
65 87 1
65 79 1
65 637 1
852 853 1
133 87 1
774 742 1
774 227 1
774 772 1
425 424 1
447 423 1
447 1094 1
447 446 1
365 30 1
365 99 1
365 87 1
365 366 1
743 746 1
743 222 1
743 277 1
842 841 1
842 30 1
98 68 1
1067 1069 1
1067 224 1
1067 1068 1
1067 1070 2
1067 59 1
1067 137 2
1067 114 1
69 68 1
69 70 1
187 188 1
187 415 1
187 853 1
187 838 1
187 772 1
187 189 1
187 961 1
39 37 1
943 790 1
943 941 1
943 191 1
943 944 1
198 137 1
198 197 1
879 797 1
1050 114 1
463 423 1
938 1145 1
938 955 1
938 954 1
938 940 1
938 939 1
888 889 1
853 772 1
853 961 1
765 767 1
765 81 1
765 766 1
685 327 1
483 476 1
483 482 1
483 470 1
483 484 1
483 117 1
483 480 1
560 559 1
680 681 1
680 682 1
974 976 1
974 272 1
974 975 1
882 883 1
882 790 1
911 640 1
46 42 1
46 45 1
46 43 1
46 44 2
81 527 1
81 767 1
81 1012 1
81 369 1
81 468 1
81 766 1
81 1305 1
81 1003 1
956 474 1
137 47 1
137 1069 1
137 224 1
137 155 2
137 474 1
137 197 3
137 203 1
137 701 1
137 117 1
137 114 3
137 138 1
137 1068 1
137 1070 2
137 59 3
137 202 2
137 200 1
137 156 1
137 497 1
137 140 1
1047 1048 1
701 47 1
701 474 1
701 59 1
138 140 1
627 390 1
1102 1099 1
1102 1101 1
1102 203 1
287 286 1
287 222 1
287 456 1
671 201 1
671 117 1
671 670 1
671 237 2
480 476 1
480 482 1
480 470 1
480 484 1
480 117 1
884 691 1
116 113 1
116 115 1
116 117 1
116 114 1
109 164 1
109 429 3
109 41 1
109 48 1
928 602 1
928 526 1
928 616 1
928 929 1
556 557 1
556 558 1
556 559 1
645 644 1
645 189 1
644 189 1
380 47 1
87 541 5
87 224 1
87 996 1
87 669 1
87 30 1
87 919 1
87 99 1
87 366 1
87 384 1
87 1040 1
87 668 1
87 687 1
87 1232 1
87 540 1
87 667 1
87 1027 1
87 70 2
202 59 1
202 203 1
941 790 1
941 191 1
941 944 1
694 695 1
694 47 1
694 693 1
694 691 1
385 386 1
385 54 1
385 53 1
670 201 1
670 117 1
670 237 1
948 47 1
1101 1099 1
1101 203 1
1068 1069 1
1068 224 1
1068 1070 1
1068 59 1
1068 114 1
414 949 1
414 796 1
213 210 1
213 602 1
213 211 1
213 364 1
470 476 1
470 482 1
470 484 1
470 117 1
470 471 1
70 919 1
70 76 1
70 68 1
70 384 1
43 966 1
43 42 1
43 45 2
43 44 1
43 965 1
47 826 1
47 535 1
47 474 1
47 181 1
47 114 1
47 695 1
47 550 1
47 742 1
47 693 1
47 835 1
47 59 1
47 834 1
47 691 1
47 536 1
473 479 1
473 477 1
473 474 1
473 475 1
473 476 1
473 114 1
976 272 1
976 975 1
958 44 1
958 45 1
554 328 1
554 553 1
334 114 1
334 197 1
334 224 1
222 286 2
222 746 1
222 277 1
222 284 1
222 131 1
117 199 1
117 113 2
117 197 2
117 225 1
117 476 1
117 114 2
117 384 1
117 115 1
117 482 1
117 201 1
117 237 1
117 484 1
48 542 1
48 164 1
48 429 1
939 940 1
753 754 1
753 752 1
668 667 1
404 403 1
328 553 1
328 327 1
482 476 1
482 484 1
986 987 1
986 984 1
364 199 1
364 602 1
691 695 1
691 693 1
1048 1072 1
1048 1053 1
790 191 1
790 944 1
790 883 1
303 304 1
368 367 1
877 325 1
877 341 1
877 876 1
877 878 1
877 875 1
704 702 1
640 367 1
640 1270 1
527 369 1
527 1305 1
558 557 1
558 559 1
559 557 1
772 742 1
772 227 1
772 961 1
540 541 1
602 929 1
602 616 1
602 526 1
126 125 1
474 633 1
474 477 1
474 114 1
474 479 1
474 59 1
474 475 1
474 476 1
253 59 1
253 200 1
1025 59 1
1025 200 1
695 693 1
576 575 1
576 574 1
576 579 1
576 577 1
792 30 1
200 199 1
200 59 2
200 201 1
200 114 1
980 978 1
980 979 1
980 977 1
1099 203 1
42 44 1
42 45 4
42 324 4
313 306 1
754 752 1
327 54 1
616 526 1
616 929 1
828 829 1
742 227 1
742 1120 1
923 925 1
923 924 1
1306 1307 1
1306 114 1
1306 775 1
367 140 1
367 1270 1
681 775 1
681 181 1
681 1089 1
681 682 1
523 524 1
476 477 1
476 114 1
476 479 1
476 475 1
476 484 1
229 227 1
229 228 1
1072 1053 1
224 541 1
224 1069 1
224 197 1
224 114 3
224 775 1
224 1070 1
224 59 1
669 541 1
120 123 1
120 1080 1
120 30 1
120 122 1
608 448 1
420 390 4
420 793 2
420 419 3
563 203 1
1092 44 1
987 984 1
211 210 1
323 114 1
189 188 1
189 1002 1
819 820 1
819 817 1
820 817 1
113 115 1
113 114 2
661 68 1
181 775 1
181 1089 1
181 114 1
54 53 3
54 1033 1
54 386 1
54 1034 1
277 746 1
307 306 2
123 45 1
123 122 1
369 1305 1
1089 775 1
68 664 1
497 871 1
316 317 1
316 210 1
292 293 1
292 291 1
292 311 1
292 310 1
292 290 1
292 289 1
199 197 1
199 201 2
199 114 1
199 384 1
44 45 2
203 59 1
317 210 1
1040 541 1
291 293 1
291 290 1
291 289 1
835 834 1
115 114 1
1070 1069 1
1070 59 1
1070 114 1
215 45 2
785 155 1
785 197 1
785 114 2
785 384 1
289 293 1
289 290 1
306 409 1
306 408 1
306 290 1
306 407 1
1221 140 1
579 575 1
579 574 1
579 577 1
929 526 1
366 30 1
366 99 1
384 114 1
384 155 1
384 919 1
384 197 2
924 925 1
128 99 1
128 129 1
128 30 1
955 954 1
340 341 1
442 441 1
156 155 1
156 114 1
477 479 1
477 475 1
477 114 1
53 325 1
53 322 1
191 944 1
191 192 1
155 197 1
155 114 4
545 186 1
479 475 1
479 114 1
325 341 1
325 441 1
325 876 1
325 878 1
325 875 1
164 429 1
797 796 1
775 1307 1
775 114 1
101 1051 1
129 99 1
129 30 1
419 390 3
419 793 2
965 966 1
965 45 1
448 99 1
408 409 1
408 502 1
408 407 1
375 374 1
536 535 1
293 290 1
876 341 1
876 878 1
876 875 1
208 209 1
1094 423 1
407 409 1
45 966 1
45 1181 1
45 851 1
45 324 4
59 1069 1
59 114 1
59 192 1
140 390 1
197 485 1
197 114 4
575 574 1
575 577 1
485 114 1
766 767 1
1034 1033 1
490 491 1
490 441 1
574 577 1
475 114 1
341 878 1
341 875 1
228 227 1
541 665 1
793 390 2
878 875 1
284 286 1
778 779 1
237 201 1
935 30 1
979 978 1
979 977 1
977 978 1
122 305 1
122 1228 1
1307 114 1
114 1069 1
114 201 1
41 429 1
272 975 1
949 796 1
841 30 1
30 99 2
441 491 1
