818
692
1081
166
226
904
814
177
239
127
799
969
453
795
858
119
607
426
134
220
454
1020
370
555
74
1136
245
771
312
1304
36
165
985
1303
232
185
342
121
314
77
332
223
406
643
769
736
80
55
1132
606
745
770
1245
402
417
478
1065
887
1238
552
212
302
235
982
634
38
283
815
1227
816
833
270
744
422
703
605
1066
457
748
78
1130
1208
873
747
784
63
110
1061
963
570
782
1029
585
100
236
132
486
363
139
836
492
467
216
493
331
464
1091
301
184
217
130
124
751
663
231
118
481
411
1016
868
1242
405
1073
902
1289
288
578
503
962
1198
248
1152
146
252
1153
872
180
794
86
874
466
266
798
947
1121
472
416
991
689
455
1100
786
401
249
1285
112
154
822
280
959
942
968
136
912
1082
773
158
285
65
852
133
774
425
1148
447
365
743
842
98
157
1067
69
187
39
943
198
879
1050
463
938
888
853
765
685
483
560
680
974
882
781
911
46
81
956
137
1047
701
138
446
627
1102
287
1174
671
480
147
884
116
109
376
928
556
645
644
1078
380
87
202
941
694
385
670
948
1101
1068
414
213
470
70
43
47
473
976
958
554
334
222
468
117
48
939
909
753
668
404
328
37
1232
482
986
364
691
1048
826
897
790
303
368
877
704
640
456
716
527
558
559
772
540
602
126
474
253
1015
167
1025
695
542
576
687
953
792
200
980
1099
42
313
754
403
327
889
616
828
742
923
550
1306
367
681
523
476
229
1072
125
224
669
120
608
420
563
1092
987
211
1003
323
667
189
819
820
113
686
661
181
54
277
307
123
810
369
1089
484
68
497
316
304
292
199
44
203
317
1040
291
210
817
311
835
115
1070
215
785
1012
289
306
1221
557
524
579
929
366
384
553
924
128
709
1080
955
340
442
1002
156
218
477
53
191
155
545
479
325
164
871
797
752
954
775
101
131
682
1053
188
129
664
419
1120
880
961
965
960
448
408
502
375
471
536
293
876
838
1270
1051
208
1094
407
984
423
45
925
59
290
834
940
1027
140
633
197
575
485
386
851
766
1305
883
637
1034
490
294
574
79
475
282
209
341
228
541
1145
793
878
577
284
767
856
415
778
693
237
76
665
935
535
919
1181
979
324
977
122
1307
114
930
286
41
186
875
272
779
949
1069
841
996
305
310
30
390
225
322
434
424
409
429
441
227
201
978
526
975
966
62
374
1033
944
219
746
99
1228
796
238
829
192
491
702
